val_reports:['              precision    recall  f1-score   support\n\n         0.0       0.58      0.49      0.53       846\n         1.0       0.80      0.57      0.67       128\n         2.0       1.00      0.96      0.98        24\n         3.0       0.78      0.79      0.78      1457\n         4.0       0.54      0.56      0.55       991\n         5.0       0.48      0.56      0.52       966\n         6.0       0.82      0.74      0.78       670\n\n    accuracy                           0.64      5082\n   macro avg       0.71      0.67      0.69      5082\nweighted avg       0.65      0.64      0.64      5082\n', '              precision    recall  f1-score   support\n\n         0.0       0.79      0.60      0.68       810\n         1.0       0.82      0.68      0.75       101\n         2.0       1.00      0.96      0.98        28\n         3.0       0.84      0.85      0.85      1483\n         4.0       0.68      0.70      0.69      1010\n         5.0       0.64      0.75      0.69      1018\n         6.0       0.89      0.86      0.88       632\n\n    accuracy                           0.76      5082\n   macro avg       0.81      0.77      0.79      5082\nweighted avg       0.76      0.76      0.76      5082\n', '              precision    recall  f1-score   support\n\n         0.0       0.87      0.75      0.81       836\n         1.0       0.96      0.80      0.87       116\n         2.0       1.00      1.00      1.00        27\n         3.0       0.90      0.94      0.92      1483\n         4.0       0.78      0.84      0.81       984\n         5.0       0.79      0.83      0.81       998\n         6.0       0.93      0.87      0.90       638\n\n    accuracy                           0.86      5082\n   macro avg       0.89      0.86      0.87      5082\nweighted avg       0.86      0.86      0.86      5082\n', '              precision    recall  f1-score   support\n\n         0.0       0.96      0.77      0.86       834\n         1.0       0.92      0.86      0.89       133\n         2.0       0.95      1.00      0.98        21\n         3.0       0.92      0.95      0.93      1464\n         4.0       0.86      0.89      0.87      1018\n         5.0       0.84      0.91      0.87       960\n         6.0       0.93      0.92      0.92       652\n\n    accuracy                           0.90      5082\n   macro avg       0.91      0.90      0.90      5082\nweighted avg       0.90      0.90      0.90      5082\n', '              precision    recall  f1-score   support\n\n         0.0       0.90      0.83      0.87       812\n         1.0       0.97      0.76      0.85       118\n         2.0       1.00      1.00      1.00        31\n         3.0       0.92      0.94      0.93      1448\n         4.0       0.83      0.88      0.86       962\n         5.0       0.84      0.89      0.86      1008\n         6.0       0.98      0.89      0.93       702\n\n    accuracy                           0.89      5081\n   macro avg       0.92      0.89      0.90      5081\nweighted avg       0.89      0.89      0.89      5081\n']
val_cf_matrixes:[array([[ 418,   13,    0,   72,  124,  192,   27],
       [  16,   73,    0,    8,    8,   19,    4],
       [   0,    0,   23,    0,    0,    1,    0],
       [  62,    2,    0, 1145,  103,  117,   28],
       [  75,    1,    0,  107,  553,  232,   23],
       [ 118,    1,    0,   79,  198,  544,   26],
       [  36,    1,    0,   54,   47,   39,  493]]), array([[ 487,    8,    0,   60,   96,  146,   13],
       [  12,   69,    0,    0,    3,   13,    4],
       [   0,    1,   27,    0,    0,    0,    0],
       [  23,    1,    0, 1264,   76,   89,   30],
       [  33,    2,    0,   93,  703,  166,   13],
       [  55,    2,    0,   52,  141,  760,    8],
       [  10,    1,    0,   32,   22,   22,  545]]), array([[ 631,    2,    0,   38,   75,   76,   14],
       [   7,   93,    0,    4,    4,    6,    2],
       [   0,    0,   27,    0,    0,    0,    0],
       [  17,    0,    0, 1389,   41,   27,    9],
       [  19,    0,    0,   49,  830,   78,    8],
       [  42,    2,    0,   27,   94,  825,    8],
       [  10,    0,    0,   28,   20,   28,  552]]), array([[ 646,    8,    0,   39,   51,   79,   11],
       [   2,  115,    0,    3,    2,    9,    2],
       [   0,    0,   21,    0,    0,    0,    0],
       [   3,    1,    1, 1395,   27,   29,    8],
       [  11,    0,    0,   46,  905,   39,   17],
       [  11,    0,    0,   13,   57,  872,    7],
       [   3,    1,    0,   26,   13,   11,  598]]), array([[ 676,    2,    0,   33,   40,   59,    2],
       [  12,   90,    0,    3,    4,    9,    0],
       [   0,    0,   31,    0,    0,    0,    0],
       [   6,    0,    0, 1360,   42,   36,    4],
       [  27,    1,    0,   25,  847,   59,    3],
       [  19,    0,    0,   25,   59,  901,    4],
       [  11,    0,    0,   29,   23,   13,  626]])]
test_accuracy:0.40813610873491113
test_report:              precision    recall  f1-score   support

         0.0       0.43      0.34      0.38      1848
         1.0       0.98      0.45      0.62      1129
         2.0       0.00      0.00      0.00      1594
         3.0       0.36      0.76      0.49      1294
         4.0       0.33      0.52      0.40      1557
         5.0       0.27      0.44      0.34      1493
         6.0       0.71      0.45      0.55      1606

    accuracy                           0.41     10521
   macro avg       0.44      0.42      0.40     10521
weighted avg       0.42      0.41      0.38     10521

test_cf_matrix:[[620   8   0 419 338 432  31]
 [181 508   0 151 111 172   6]
 [218   0   0 295 414 475 192]
 [ 50   0   0 980 121 120  23]
 [113   0   0 250 809 360  25]
 [137   2   0 250 436 652  16]
 [115   3   0 343 247 173 725]]
