val_reports:['              precision    recall  f1-score   support\n\n         0.0       0.56      0.53      0.55       846\n         1.0       0.81      0.62      0.70       128\n         2.0       1.00      1.00      1.00        24\n         3.0       0.78      0.84      0.81      1457\n         4.0       0.55      0.57      0.56       991\n         5.0       0.53      0.49      0.51       966\n         6.0       0.78      0.79      0.78       670\n\n    accuracy                           0.66      5082\n   macro avg       0.71      0.69      0.70      5082\nweighted avg       0.65      0.66      0.65      5082\n', '              precision    recall  f1-score   support\n\n         0.0       0.84      0.80      0.82       810\n         1.0       0.95      0.78      0.86       101\n         2.0       1.00      1.00      1.00        28\n         3.0       0.90      0.95      0.93      1483\n         4.0       0.86      0.79      0.83      1010\n         5.0       0.81      0.85      0.83      1018\n         6.0       0.93      0.94      0.94       632\n\n    accuracy                           0.87      5082\n   macro avg       0.90      0.87      0.89      5082\nweighted avg       0.87      0.87      0.87      5082\n', '              precision    recall  f1-score   support\n\n         0.0       0.95      0.93      0.94       836\n         1.0       0.99      0.94      0.96       116\n         2.0       1.00      1.00      1.00        27\n         3.0       0.98      0.97      0.98      1483\n         4.0       0.93      0.95      0.94       984\n         5.0       0.95      0.95      0.95       998\n         6.0       0.97      0.97      0.97       638\n\n    accuracy                           0.96      5082\n   macro avg       0.97      0.96      0.96      5082\nweighted avg       0.96      0.96      0.96      5082\n', '              precision    recall  f1-score   support\n\n         0.0       0.98      0.97      0.97       834\n         1.0       0.98      0.98      0.98       133\n         2.0       1.00      1.00      1.00        21\n         3.0       0.99      0.99      0.99      1464\n         4.0       0.98      0.99      0.98      1018\n         5.0       0.97      0.98      0.98       960\n         6.0       0.99      0.99      0.99       652\n\n    accuracy                           0.98      5082\n   macro avg       0.99      0.99      0.99      5082\nweighted avg       0.98      0.98      0.98      5082\n', '              precision    recall  f1-score   support\n\n         0.0       0.99      0.99      0.99       812\n         1.0       0.99      0.99      0.99       118\n         2.0       1.00      1.00      1.00        31\n         3.0       1.00      1.00      1.00      1448\n         4.0       0.99      0.99      0.99       962\n         5.0       0.99      0.99      0.99      1008\n         6.0       1.00      0.99      1.00       702\n\n    accuracy                           0.99      5081\n   macro avg       0.99      0.99      0.99      5081\nweighted avg       0.99      0.99      0.99      5081\n']
val_cf_matrixes:[array([[ 452,   14,    0,   67,  120,  146,   47],
       [  20,   79,    0,   10,    3,   14,    2],
       [   0,    0,   24,    0,    0,    0,    0],
       [  61,    1,    0, 1218,   79,   56,   42],
       [  99,    0,    0,  123,  563,  176,   30],
       [ 142,    3,    0,   97,  225,  469,   30],
       [  35,    1,    0,   44,   34,   28,  528]]), array([[ 648,    0,    0,   32,   52,   65,   13],
       [  12,   79,    0,    1,    3,    3,    3],
       [   0,    0,   28,    0,    0,    0,    0],
       [  14,    0,    0, 1416,   17,   25,   11],
       [  29,    1,    0,   66,  801,  100,   13],
       [  60,    2,    0,   35,   49,  870,    2],
       [   8,    1,    0,   16,    6,    8,  593]]), array([[ 781,    0,    0,    9,   20,   19,    7],
       [   4,  109,    0,    0,    0,    2,    1],
       [   0,    0,   27,    0,    0,    0,    0],
       [   7,    1,    0, 1441,   23,    7,    4],
       [  13,    0,    0,    6,  938,   22,    5],
       [  13,    0,    0,    4,   24,  953,    4],
       [   0,    0,    0,    9,    6,    3,  620]]), array([[ 807,    1,    0,    2,    6,   18,    0],
       [   1,  130,    0,    0,    0,    0,    2],
       [   0,    0,   21,    0,    0,    0,    0],
       [   4,    0,    0, 1450,    3,    3,    4],
       [   6,    0,    0,    1, 1005,    5,    1],
       [   5,    1,    0,    1,    9,  944,    0],
       [   0,    0,    0,    5,    0,    0,  647]]), array([[ 803,    0,    0,    0,    5,    4,    0],
       [   0,  117,    0,    0,    0,    1,    0],
       [   0,    0,   31,    0,    0,    0,    0],
       [   0,    0,    0, 1445,    2,    0,    1],
       [   1,    0,    0,    2,  956,    3,    0],
       [   3,    0,    0,    1,    7,  996,    1],
       [   1,    1,    0,    1,    0,    1,  698]])]
test_accuracy:0.45442448436460414
test_report:              precision    recall  f1-score   support

         0.0       0.49      0.43      0.46      1848
         1.0       0.96      0.50      0.65      1129
         2.0       0.00      0.00      0.00      1594
         3.0       0.40      0.81      0.53      1294
         4.0       0.36      0.58      0.45      1557
         5.0       0.33      0.46      0.38      1493
         6.0       0.70      0.50      0.58      1606

    accuracy                           0.45     10521
   macro avg       0.46      0.47      0.44     10521
weighted avg       0.45      0.45      0.43     10521

test_cf_matrix:[[ 796   13    0  328  333  347   31]
 [ 184  561    0  150   92  130   12]
 [ 247    5    0  314  382  423  223]
 [  40    1    0 1042  117   63   31]
 [ 100    3    0  232  902  293   27]
 [ 134    1    0  233  424  682   19]
 [ 113    0    0  331  246  118  798]]
